name: c:\Users\fabio\Documents\GitHub\EDDAI-EliteDangerousApiInterface\.conda
channels:
  - conda-forge
  - defaults
dependencies:
  - blosc=1.21.6=h85f69ea_0
  - bzip2=1.0.8=h2bbff1b_6
  - ca-certificates=2024.7.4=h56e8100_0
  - freexl=2.0.0=h8276f4a_0
  - gdal=3.9.1=py311h689aae6_10
  - geos=3.12.2=h5a68840_1
  - geotiff=1.7.3=h232476a_2
  - intel-openmp=2024.2.0=h57928b3_980
  - krb5=1.21.3=hdf4eb48_0
  - lerc=4.0.0=h63175ca_0
  - libarchive=3.7.4=haf234dc_0
  - libblas=3.9.0=23_win64_mkl
  - libcblas=3.9.0=23_win64_mkl
  - libcurl=8.9.1=h18fefc2_0
  - libdeflate=1.20=hcfcfb64_0
  - libexpat=2.6.2=h63175ca_0
  - libffi=3.4.4=hd77b12b_1
  - libgdal-core=3.9.1=hcff673a_10
  - libhwloc=2.11.1=default_h8125262_1000
  - libiconv=1.17=hcfcfb64_2
  - libjpeg-turbo=3.0.0=hcfcfb64_1
  - libkml=1.3.0=h538826c_1020
  - liblapack=3.9.0=23_win64_mkl
  - libpng=1.6.43=h19919ed_0
  - librttopo=1.1.0=h6c42fcb_16
  - libspatialite=5.1.0=hab0cb6d_9
  - libsqlite=3.46.0=h2466b09_0
  - libssh2=1.11.0=h7dfc565_0
  - libtiff=4.6.0=hddb2be6_3
  - libwebp-base=1.4.0=hcfcfb64_0
  - libxml2=2.12.7=h0f24e4e_4
  - libzlib=1.3.1=h2466b09_1
  - lz4-c=1.9.4=hcfcfb64_0
  - lzo=2.10=hcfcfb64_1001
  - minizip=4.0.6=hb638d1e_0
  - mkl=2024.1.0=h66d3029_694
  - numpy=2.0.1=py311h35ffc71_0
  - openssl=3.3.1=h2466b09_2
  - pcre2=10.44=h3d7b363_0
  - pip=24.0=py311haa95532_0
  - proj=9.4.1=hd9569ee_1
  - pthreads-win32=2.9.1=hfa6e2cd_3
  - python=3.11.9=h631f459_0_cpython
  - python_abi=3.11=4_cp311
  - setuptools=69.5.1=py311haa95532_0
  - snappy=1.2.1=h23299a8_0
  - sqlite=3.45.3=h2bbff1b_0
  - tbb=2021.12.0=hc790b64_3
  - tk=8.6.13=h5226925_1
  - ucrt=10.0.22621.0=h57928b3_0
  - uriparser=0.9.8=h5a68840_0
  - vc=14.2=h2eaa2aa_4
  - vc14_runtime=14.40.33810=ha82c5b3_20
  - vs2015_runtime=14.40.33810=h3bf8584_20
  - wheel=0.43.0=py311haa95532_0
  - xerces-c=3.2.5=he0c23c2_1
  - xz=5.4.6=h8cc25b3_1
  - zlib=1.3.1=h2466b09_1
  - zstd=1.5.6=h0ea2cb4_0
  - pip:
      - amqp==5.2.0
      - asgiref==3.8.1
      - billiard==4.2.0
      - celery==5.4.0
      - cffi==1.16.0
      - click==8.1.7
      - click-didyoumean==0.3.1
      - click-plugins==1.1.1
      - click-repl==0.3.0
      - colorama==0.4.6
      - django==5.0
      - django-filter==24.2
      - djangorestframework==3.15.1
      - djangorestframework-gis==1.1
      - gevent==24.2.1
      - greenlet==3.0.3
      - kombu==5.3.7
      - markdown==3.6
      - mysqlclient==2.2.4
      - prompt-toolkit==3.0.43
      - psycopg==3.2.1
      - psycopg2==2.9.9
      - pycparser==2.22
      - python-dateutil==2.9.0.post0
      - pyzmq==26.0.3
      - redis==5.0.4
      - six==1.16.0
      - sqlparse==0.5.0
      - typing-extensions==4.12.2
      - tzdata==2024.1
      - vine==5.1.0
      - wcwidth==0.2.13
      - zope-event==5.0
      - zope-interface==6.4.post2
prefix: c:\Users\fabio\Documents\GitHub\EDDAI-EliteDangerousApiInterface\.conda
